0,514
0,513
0,512
0,511
0,510
0,509
0,508
0,507
0,506
0,505
0,504
0,503
50,5
50,4
50,3
50,2
50,1
50,0
49,4
49,3
49,2
49,1
49,0
0,273
0,270
48,4
48,3
48,2
48,1
48,0
47,3
47,2
47,1
47,0
46,52
46,51
46,50
46,49
46,48
46,47
46,46
46,45
46,44
46,43
46,42
46,41
46,40
46,39
46,38
46,37
46,36
0,278
44,2
44,0
38,4
28,1
28,4
30,4
38,1
38,3
39,1
39,3
31,1
31,3
29,1
29,3
34,1
34,3
30,1
30,3
44,1
44,3
46,35
26,1
26,3
3,1
3,3
10,194
10,161
10,23
10,237
10,88
10,28
10,14
11,8
11,6
8,9
8,6
8,8
8,4
20,3
20,2
20,1
19,3
19,2
19,1
12,3
12,2
12,1
11,30
11,29
11,28
11,27
11,26
11,25
11,24
11,23
11,22
11,21
11,20
11,18
11,16
11,15
11,14
11,13
11,12
11,10
11,9
11,7
11,4
11,3
11,2
11,1
10,316
10,315
